3
6
7
7
12
9
8
14
7
13
14
12
13
6
9
11
14
13
9
13
15
9
8
15
13
15
11
13
7
11
13
14
14
14
16
12
7
13
16
14
16
10
14
15
16
17
16
16
15
13
15
14
15
15
15
15
14
13
16
18
16
15
9
15
12
17
15
16
11
7
17
17
15
15
11
9
5
13
10
17
16
17
17
16
15
15
12
10
6
10
6
11
12
17
15
13
17
17
15
13
14
13
13
11
10
6
10
13
7
11
15
12
12
13
12
11
11
8
9
7
16
15
16
17
15
15
17
16
16
13
14
11
9
11
15
14
14
17
17
16
15
16
13
14
9
7
7
10
14
13
14
15
11
13
12
10
12
12
9
12
9
10
10
6
6
4
2
7
5
7
10
7
10
8
14
13
14
12
15
10
14
9
11
16
19
20
19
17
17
18
20
22
18
15
10
10
10
15
17
18
14
11
11
8
8
9
11
11
10
6
12
14
14
8
12
10
13
8
9
9
11
13
15
19
16
18
19
17
19
20
17
12
7
8
15
20
19
18
19
14
15
16
18
17
22
19
20
20
23
23
20
21
20
18
20
19
21
20
20
22
21
21
24
21
20
22
21
21
19
17
9
7
13
19
18
18
21
23
17
18
13
9
17
6
14
19
22
9
14
18
21
22
23
21
20
9
11
15
20
19
20
21
13
10
15
21
23
22
23
23
21
20
20
21
21
22
19
21
22
25
21
23
20
18
17
10
9
13
13
20
20
20
20
14
16
11
10
15
19
21
22
23
22
23
22
20
20
20
19
18
18
19
21
18
17
12
11
14
13
18
21
23
19
21
20
21
19
19
22
21
20
20
19
21
20
20
18
19
21
18
24
23
22
22
22
20
21
21
19
19
21
19
18
18
19
20
20
19
10
13
15
20
21
9
14
17
19
20
18
18
21
16
21
20
22
19
21
23
18
19
19
20
18
15
14
11
14
19
19
21
21
21
20
10
10
11
15
16
7
10
14
21
21
23
21
20
22
21
21
20
20
18
18
19
18
19
18
21
21
18
21
17
17
7
12
9
13
14
10
7
18
16
14
16
17
11
6
8
11
7
9
8
8
9
7
10
9
11
13
13
13
16
14
15
15
12
15
15
16
14
11
7
9
13
5
9
9
14
14
15
14
13
13
12
14
14
13
10
13
8
13
14
14
13
15
14
16
14
14
14
12
7
14
14
10
8
14
14
15
14
14
13
14
13
16
16
16
11
14
12
9
13
18
18
16
19
15
15
11
12
13
12
13
15
15
14
15
16
12
8
12
9
10
11
7
14
11
11
9
7
6
8
10
13
14
19
13
15
11
16
10
12
15
14
14
10
7
17
18
17
18
21
21
19
20
18
14
11
9
14
15
18
17
16
17
18
17
15
17
16
14
14
10
11
16
15
15
16
11
8
8
15
16
15
16
15
16
16
16
16
17
18
19
14
11
9
12
18
15
10
8
16
18
17
18
13
16
17
18
9
13
14
10
6
10
14
18
15
15
16
14
14
13
12
11
13
16
14
13
16
16
15
13
12
8
8
14
14
14
13
10
10
7
9
10
10
14
15
15
14
12
14
12
10
5
10
8
5
14
6
7
8
9
9
10
15
13
13
14
14
15
18
16
19
18
13
11
6
13
12
7
6
8
10
16
18
16
12
12
8
5
13
19
17
16
11
12
10
16
9
6
10
10
12
10
12
15
17
18
13
14
17
23
23
24
12
18
26
27
27
21
13
15
19
13
17
13
16
21
21
15
17
23
17
13
12
14
14
