457
81
65
348
495
223
451
493
3
21
217
13
396
494
403
486
498
143
159
155
422
248
401
121
452
285
397
469
490
350
343
268
291
341
22
151
497
356
172
131
497
475
495
495
339
495
488
430
265
260
337
481
248
276
503
131
357
494
477
258
283
499
450
260
128
478
168
366
296
30
388
389
486
342
358
199
200
453
490
485
154
489
487
125
346
418
364
473
490
261
269
485
397
27
389
485
502
91
449
111
365
333
482
421
491
400
452
394
109
487
74
333
175
290
310
487
151
87
484
248
17
369
172
298
440
468
261
471
417
82
466
340
147
456
491
500
224
256
499
470
503
470
121
472
339
307
264
427
85
310
453
499
492
348
296
491
373
179
477
399
469
335
276
31
116
493
233
338
490
381
223
59
192
496
484
469
495
482
444
348
215
466
334
471
450
288
275
206
422
496
485
480
470
507
497
370
133
460
485
431
481
300
318
493
487
457
495
317
486
495
427
111
338
440
377
255
486
468
132
472
293
120
216
478
166
447
488
490
470
467
484
237
318
365
436
471
503
23
448
213
291
324
499
495
481
152
501
121
481
498
366
496
490
473
464
477
60
66
39
497
301
137
400
471
475
134
456
249
489
425
497
277
297
392
497
317
219
326
507
492
339
446
499
210
326
492
379
392
231
146
499
84
295
347
505
497
39
449
70
60
477
318
474
420
350
376
468
482
370
457
347
492
494
296
76
436
232
460
425
370
298
442
490
472
491
479
323
490
76
247
382
250
469
194
500
412
45
251
38
470
201
470
487
390
468
127
442
495
421
479
341
496
352
109
78
396
484
457
485
333
441
496
141
337
380
495
479
297
469
501
181
485
339
495
497
333
470
499
105
285
28
310
470
471
299
77
322
381
337
494
414
469
411
300
330
485
134
440
500
417
493
456
170
300
446
485
256
472
206
458
237
487
390
171
488
369
471
420
467
280
444
491
499
494
439
487
87
495
89
370
454
470
444
448
69
219
193
479
143
472
371
453
297
485
359
134
496
121
454
448
494
81
307
438
492
276
382
499
306
302
388
88
285
486
157
370
397
479
321
490
463
370
382
485
453
478
307
384
389
394
485
468
492
448
286
484
495
475
488
471
387
491
444
476
101
391
364
121
340
348
500
347
482
490
485
471
484
21
261
102
269
281
451
486
480
454
485
389
92
221
231
59
346
105
488
498
39
495
437
491
494
487
390
246
495
219
300
189
455
492
346
471
288
465
297
430
482
338
297
470
449
458
299
470
248
429
304
430
485
304
457
449
60
318
450
425
466
411
155
146
288
144
499
98
489
246
70
473
403
494
479
410
486
137
357
340
453
499
264
504
379
389
348
485
482
340
482
451
421
239
458
158
503
490
109
434
506
328
489
159
285
489
354
457
206
492
374
490
342
59
328
495
423
472
220
455
220
489
448
299
490
444
216
496
491
317
492
97
76
257
307
255
126
488
143
487
381
506
478
461
170
489
310
100
452
142
487
490
476
269
60
54
434
219
386
495
489
377
380
431
425
454
285
422
31
281
249
496
228
466
355
415
452
416
331
458
486
474
321
494
479
189
482
495
255
205
495
472
455
334
70
487
286
476
486
421
452
276
156
279
201
493
459
467
216
383
472
500
294
340
476
498
499
368
497
434
332
250
288
336
488
249
470
17
282
195
298
482
472
65
413
472
150
444
223
502
356
478
375
141
144
57
485
307
228
397
442
339
205
87
473
479
477
456
278
304
410
373
487
437
255
426
466
499
352
157
488
494
228
377
284
361
320
232
457
21
396
358
364
274
199
400
354
497
158
479
326
147
422
48
454
156
488
440
487
476
476
467
397
400
356
102
487
492
390
457
497
318
487
471
458
377
493
101
457
419
331
425
366
454
302
488
489
424
500
454
233
260
307
104
170
494
469
466
300
22
429
471
484
476
200
368
246
446
231
70
412
488
321
477
278
492
255
315
389
248
469
330
472
443
458
436
219
440
494
182
145
87
26
304
497
309
268
451
128
134
447
501
85
366
457
68
460
474
269
385
260
485
195
398
471
436
483
228
485
299
336
485
488
338
481
201
471
486
70
355
203
461
455
133
89
500
471
369
454
380
382
171
457
496
357
376
195
339
246
488
59
506
494
318
113
487
454
320
355
485
264
498
447
487
471
489
300
471
379
97
262
29
133
487
471
374
362
377
444
341
471
346
454
456
434
382
382
233
381
488
505
495
3
498
156
68
439
393
26
451
490
354
291
118
452
297
425
469
93
134
488
469
248
268
422
384
456
382
451
353
293
451
452
496
465
493
29
461
78
288
339
475
482
492
481
339
466
489
443
364
28
220
485
192
195
159
137
65
282
489
261
491
36
20
489
98
468
335
358
275
479
51
374
471
242
223
456
289
346
460
470
470
330
424
489
487
489
301
485
486
492
497
355
381
159
426
69
490
473
331
352
320
496
123
453
355
182
35
488
497
401
223
299
381
500
451
315
139
383
229
121
156
225
175
489
388
190
187
122
489
231
346
233
491
139
507
367
491
97
424
470
87
334
492
194
297
466
157
135
398
454
402
393
340
452
491
251
454
425
380
329
489
123
485
467
467
467
466
495
498
465
173
468
117
83
447
491
337
232
434
438
489
485
340
441
499
378
496
29
439
425
299
183
312
491
386
456
503
489
15
382
490
22
268
451
288
286
495
426
471
493
142
63
139
475
390
471
168
333
457
369
337
453
317
182
307
85
462
189
386
322
283
486
488
424
187
406
104
447
318
400
36
487
70
108
195
405
490
383
487
419
498
490
478
349
153
504
422
336
288
497
470
228
441
457
192
312
490
465
195
182
406
344
166
496
122
281
488
343
486
456
495
499
468
93
489
21
471
457
127
20
491
349
377
217
468
492
143
151
496
328
471
422
68
489
471
440
404
186
48
496
488
381
123
499
443
44
373
403
299
467
453
281
478
457
453
299
271
91
470
504
456
224
457
485
440
479
436
111
456
248
468
495
473
479
336
471
353
468
486
487
481
489
499
467
195
434
471
446
473
114
57
130
477
386
371
498
388
381
439
379
30
491
494
411
485
492
120
470
390
411
456
300
280
380
65
415
346
485
504
471
253
487
355
492
487
346
476
451
491
466
493
490
201
484
325
498
125
457
454
489
467
493
386
472
466
97
324
369
336
426
490
497
145
160
289
355
56
67
469
507
355
478
352
348
488
137
47
469
247
482
495
422
203
154
333
497
467
490
83
133
452
59
155
503
317
122
507
491
285
319
381
484
356
381
495
478
77
438
497
489
478
487
467
396
350
496
77
469
298
475
440
472
458
495
399
446
219
337
201
434
282
376
470
253
499
494
313
260
144
459
170
465
220
410
364
256
80
457
60
40
443
490
444
481
331
95
492
245
98
29
479
478
231
135
480
454
478
488
431
396
334
351
396
109
461
437
474
278
306
492
384
430
500
171
199
489
195
444
385
324
471
488
489
336
478
394
466
335
469
3
5
246
381
232
403
386
456
459
488
467
327
505
251
471
482
423
451
147
505
454
83
220
469
369
476
496
330
70
479
319
237
100
466
231
312
201
494
495
456
420
422
420
468
492
66
260
226
388
495
132
334
316
444
471
486
307
149
466
479
425
470
280
451
68
488
421
334
492
489
388
500
476
320
364
265
496
505
261
456
247
125
454
495
458
68
255
495
28
394
495
419
487
310
469
75
246
460
495
85
457
479
479
381
288
377
440
490
496
234
299
454
479
91
382
447
382
131
21
487
442
201
302
489
242
330
493
389
200
418
501
465
300
471
300
381
298
456
496
139
98
490
417
488
156
157
348
494
461
191
351
489
474
368
336
496
20
161
467
478
341
339
457
34
352
454
413
63
454
493
434
503
259
488
276
496
128
255
475
297
94
431
389
489
358
503
477
322
421
467
122
492
336
449
348
485
344
488
32
137
456
501
478
145
491
499
488
389
379
469
152
500
317
389
491
276
307
160
66
488
244
491
479
297
127
472
196
496
470
278
300
498
194
92
493
470
478
497
375
470
403
285
485
487
237
255
183
239
488
146
39
394
80
265
498
130
444
270
486
496
300
416
215
493
446
379
215
280
492
436
245
486
310
467
488
435
348
201
486
485
489
345
467
341
490
466
480
382
159
289
22
457
307
470
296
497
447
334
475
443
160
497
379
201
421
421
336
167
467
375
451
383
257
449
406
415
156
259
485
297
133
268
423
503
336
260
368
341
496
496
7
221
34
476
491
437
431
213
488
209
346
150
102
488
319
330
486
441
477
492
260
245
77
460
421
379
454
457
300
300
379
336
500
390
145
171
477
454
455
390
496
429
485
256
394
248
329
482
307
487
497
193
261
424
437
444
82
447
157
326
346
489
461
487
121
179
447
487
276
479
394
346
156
454
339
460
380
490
486
441
121
386
217
261
317
382
450
78
491
353
259
336
503
318
375
470
476
430
256
452
78
470
280
78
424
492
462
420
343
285
473
444
381
281
471
486
318
350
443
15
386
68
310
414
499
482
456
173
138
60
382
416
496
490
220
293
205
491
389
481
67
340
75
477
434
381
334
481
171
417
339
470
373
441
286
478
399
319
487
472
461
235
472
481
491
479
478
350
451
478
484
474
481
110
433
433
473
475
483
121
267
372
254
170
469
345
323
408
320
104
121
433
483
387
333
474
234
281
352
438
335
484
472
267
438
469
444
472
38
485
486
490
153
114
264
408
472
343
315
441
477
180
482
387
371
461
478
376
410
471
203
482
474
162
160
477
438
480
73
478
29
331
180
217
444
476
298
94
471
479
413
491
224
83
477
439
473
133
490
471
481
484
8
397
319
482
470
475
257
411
462
491
386
478
479
357
294
484
392
481
323
153
483
403
345
479
83
297
480
488
475
481
481
326
483
365
111
297
164
482
81
293
105
204
386
476
486
269
112
450
484
46
477
477
460
396
483
343
95
201
439
269
234
43
256
204
483
475
480
294
366
105
280
326
474
298
384
208
486
471
472
478
481
123
461
468
116
297
43
441
480
477
366
480
478
342
265
287
343
410
333
342
448
374
411
475
400
405
471
492
227
432
267
376
288
478
485
451
450
11
488
482
305
159
264
352
388
482
483
409
441
266
344
186
178
478
184
485
402
384
224
478
375
473
382
395
171
151
26
199
76
184
10
379
476
282
197
193
474
67
443
478
475
362
464
476
475
486
451
264
235
488
286
235
481
476
362
486
225
467
149
26
487
297
151
199
457
299
483
472
190
473
234
226
31
472
478
120
393
103
487
419
478
474
181
109
483
465
444
320
272
480
480
126
482
247
479
435
67
476
391
234
412
340
482
426
335
147
475
277
413
481
491
128
476
320
475
450
446
360
181
480
131
471
478
462
60
471
113
474
241
299
460
477
294
475
55
481
330
279
222
285
270
86
149
483
477
474
336
235
478
153
406
477
470
423
302
492
94
475
95
26
460
481
78
482
103
86
454
225
305
363
482
467
490
380
331
488
307
353
478
44
232
159
474
425
37
475
263
479
434
281
478
474
240
481
484
474
469
275
463
485
281
379
481
438
482
390
479
202
474
42
119
304
439
325
449
291
234
289
493
484
463
299
224
354
325
271
439
416
223
478
352
309
42
123
317
441
356
287
334
93
247
388
443
287
424
224
72
478
478
480
270
419
482
83
324
293
113
176
482
413
231
319
473
224
464
396
383
72
475
143
288
478
477
413
296
444
489
473
466
427
336
182
265
487
476
151
478
480
492
479
292
138
227
479
471
443
453
477
459
490
130
492
403
198
303
467
395
176
474
481
467
451
269
37
25
483
291
365
487
482
459
336
236
479
458
464
266
478
438
246
481
491
488
479
204
422
174
478
179
220
484
424
480
131
471
257
253
467
438
484
68
299
150
471
298
459
473
199
272
439
173
472
295
251
485
266
438
487
127
374
249
293
480
253
335
465
483
475
483
394
401
472
404
210
200
129
467
474
288
328
475
294
225
193
252
477
444
294
474
405
344
458
177
474
79
470
369
478
455
324
487
476
286
219
479
303
403
132
425
383
406
483
151
269
341
125
476
337
241
94
37
470
413
285
246
485
485
325
80
484
482
112
481
374
200
480
483
467
137
322
463
473
264
480
398
367
326
193
420
475
145
181
462
462
291
459
383
479
408
304
163
304
418
325
463
483
489
163
425
438
390
227
112
471
470
409
423
423
343
489
476
484
80
460
297
475
473
86
281
484
481
475
478
99
252
462
481
94
480
264
319
335
222
41
488
476
483
480
32
476
484
477
483
228
482
479
423
462
481
483
449
127
208
223
104
299
29
484
480
67
474
145
474
476
194
235
463
462
59
356
482
321
475
480
416
417
74
197
412
213
467
469
480
475
470
473
438
264
478
98
303
232
299
99
474
466
123
163
465
275
207
323
379
378
480
271
253
326
128
480
490
268
480
177
466
408
103
339
484
71
277
478
424
37
182
189
481
271
160
479
483
481
362
101
260
92
485
307
166
294
342
269
265
378
405
476
225
203
468
323
479
389
109
480
252
141
479
476
462
156
307
219
474
484
477
245
484
478
347
386
55
232
328
435
200
408
433
225
479
129
473
185
484
463
481
443
484
470
282
362
289
460
104
488
465
483
482
482
477
269
476
464
454
94
469
171
477
281
379
460
82
303
298
326
439
367
234
480
111
483
335
470
267
474
480
162
474
487
413
469
420
358
28
443
291
467
325
249
390
472
303
494
232
491
478
379
220
97
433
377
478
400
477
481
239
270
470
463
223
474
43
273
482
252
212
466
4
441
227
489
474
208
481
463
291
471
450
305
482
163
451
462
451
463
220
459
324
224
484
288
481
67
480
464
490
398
159
467
482
363
352
362
478
294
16
458
432
441
230
343
296
423
162
383
275
490
479
400
289
481
480
171
448
353
470
184
458
439
138
248
465
415
272
224
254
485
230
406
183
236
38
20
472
474
176
467
173
482
287
127
475
469
192
476
409
484
476
404
244
473
475
333
465
486
479
296
42
310
369
470
484
384
463
163
438
412
448
356
202
180
481
75
484
424
491
481
37
374
481
417
331
480
474
324
294
481
484
137
406
472
184
171
383
410
475
340
483
483
108
101
274
269
236
223
313
145
14
477
425
471
489
57
409
412
474
129
477
484
484
127
480
150
149
438
209
457
383
478
489
244
477
463
426
168
478
374
456
294
91
175
482
479
319
472
193
488
265
479
489
476
222
295
480
185
325
473
252
470
479
424
452
478
465
184
328
324
272
475
478
220
481
471
361
470
444
311
479
474
471
349
477
167
477
297
292
481
479
304
105
474
489
459
335
178
19
406
268
481
38
443
195
483
494
344
484
384
159
458
181
335
479
96
459
325
209
481
482
369
415
488
478
473
367
26
483
274
493
388
460
483
461
258
432
199
488
482
472
167
27
128
220
86
485
207
61
481
478
477
478
325
487
71
475
408
405
484
433
55
485
98
481
321
238
319
425
323
480
486
281
269
476
106
33
141
297
435
378
479
459
179
351
385
362
481
321
468
341
467
482
294
65
166
150
411
204
68
220
44
248
207
477
16
450
287
483
475
374
480
164
352
263
484
153
64
112
465
432
253
492
478
480
320
315
482
123
470
287
112
450
184
481
479
474
144
325
492
488
493
443
211
491
378
382
479
289
476
303
481
460
360
479
479
323
367
405
415
472
326
475
475
227
462
62
199
478
483
12
176
478
476
179
268
324
144
344
2
300
472
363
481
484
465
491
412
257
334
468
407
310
138
277
209
481
362
346
110
415
289
159
391
483
399
223
444
157
312
477
472
270
471
315
172
461
82
476
123
320
190
492
325
231
469
360
204
171
482
472
322
480
486
117
379
492
481
223
98
491
486
407
488
120
271
474
176
331
220
343
173
324
383
284
425
494
98
45
480
479
276
378
476
486
375
37
484
223
479
33
474
155
250
223
129
474
478
376
481
255
216
407
294
463
307
227
481
481
354
482
475
315
226
81
303
293
478
482
488
443
478
477
209
236
486
270
438
254
323
17
474
138
418
321
477
471
338
42
478
167
461
481
364
327
292
128
26
481
475
223
481
289
484
346
298
478
461
473
41
180
474
470
457
104
296
428
175
310
299
409
432
160
143
492
478
324
322
478
265
459
265
481
493
107
374
373
73
474
371
476
473
475
377
42
296
478
80
481
481
368
288
450
385
480
421
475
250
467
333
37
112
475
475
307
408
225
344
159
403
347
474
418
356
83
472
483
482
114
245
432
466
234
265
483
491
491
465
98
486
159
482
480
483
179
459
220
481
379
131
60
324
481
479
461
483
478
454
462
378
424
265
461
483
246
473
477
478
303
474
480
479
480
71
343
210
483
296
483
462
479
287
220
287
461
199
445
413
24
480
67
495
443
292
105
479
474
296
482
320
461
423
394
484
74
202
480
322
406
438
268
482
221
321
469
466
383
19
320
92
418
199
482
212
343
363
265
482
488
188
492
140
412
319
111
425
487
270
331
26
106
357
343
145
421
320
265
457
200
474
418
481
478
163
387
478
459
350
323
478
159
61
475
482
464
197
232
481
492
209
482
117
478
249
236
479
125
267
480
482
223
444
3
129
359
198
484
485
415
249
370
475
425
333
481
177
472
324
322
81
443
479
436
483
472
478
379
334
385
190
477
281
466
448
480
384
70
479
479
472
489
472
273
423
166
481
389
481
281
103
180
486
480
405
484
458
105
218
461
472
246
462
458
299
481
483
459
316
128
427
472
484
273
475
469
410
478
293
170
212
403
483
475
331
176
263
128
299
410
486
361
489
246
490
110
170
475
343
459
204
112
472
103
332
465
128
395
472
452
177
475
484
43
220
438
113
71
483
171
323
481
174
478
480
476
481
410
478
481
40
83
263
484
483
401
219
260
490
15
477
294
485
116
88
266
488
80
369
458
484
483
88
479
483
478
473
488
376
486
381
127
340
475
484
128
293
199
19
67
403
316
476
299
488
445
245
234
234
478
378
216
391
484
131
306
75
477
436
167
265
341
325
325
269
486
481
482
274
481
471
33
425
265
444
382
476
412
458
278
424
152
199
91
479
64
383
55
465
34
478
441
390
457
336
459
313
312
479
460
376
485
179
137
184
375
323
490
217
290
437
199
488
463
216
390
148
488
444
400
299
477
486
182
486
383
456
301
88
395
461
47
29
124
311
148
410
448
479
345
312
22
444
262
27
312
396
309
479
479
484
206
228
128
375
343
117
447
460
224
478
446
438
421
463
453
473
438
143
419
412
478
237
459
308
390
356
111
313
434
483
421
226
253
113
264
462
175
464
198
426
447
417
93
476
487
383
436
377
432
296
423
462
461
351
360
402
334
398
412
173
116
12
427
311
478
458
325
465
177
480
425
456
336
120
196
121
227
437
479
387
470
461
400
460
484
187
408
424
462
187
107
469
158
488
473
305
28
305
427
483
396
487
38
309
432
448
208
437
475
272
473
321
343
242
480
323
453
459
436
58
234
459
463
358
243
280
357
481
485
362
314
415
119
183
312
444
193
461
478
484
478
360
261
440
314
83
234
13
419
175
441
273
425
402
469
473
386
441
432
398
335
388
476
298
134
421
484
166
436
149
438
471
300
477
350
271
371
480
461
144
63
471
391
488
194
377
481
191
343
215
110
464
187
426
480
489
336
179
68
420
85
462
102
437
481
474
458
216
322
243
441
457
456
267
234
433
382
470
485
201
136
473
235
312
184
327
419
460
473
349
402
375
476
458
465
477
426
130
488
486
463
182
215
313
486
483
247
459
367
427
487
474
181
273
438
21
476
459
482
478
426
16
85
303
398
476
458
432
194
241
485
463
241
422
475
384
344
413
378
448
343
301
177
391
69
359
437
480
467
14
185
443
388
186
480
40
461
227
427
472
273
301
240
261
169
477
223
190
311
425
166
215
459
477
480
442
199
63
118
438
391
471
487
445
474
347
389
234
427
411
56
486
422
382
467
481
483
83
488
464
186
241
128
305
432
185
479
460
374
123
26
274
422
248
336
483
228
159
180
443
73
441
454
294
317
426
410
322
473
360
439
295
120
220
300
83
477
254
215
456
386
475
471
244
481
302
441
412
429
476
241
475
479
442
484
359
91
149
166
273
383
412
412
311
485
437
95
106
478
91
91
468
200
108
430
441
248
463
197
399
442
459
473
488
54
360
402
120
25
391
84
437
396
482
474
468
223
480
459
179
471
295
12
489
473
464
474
216
193
383
272
445
470
194
474
307
480
115
333
390
357
452
464
477
190
480
469
110
264
185
438
268
461
217
450
47
437
149
419
88
389
271
323
279
217
369
442
193
82
326
221
485
457
448
327
465
471
137
83
41
406
481
438
314
454
46
117
378
466
143
438
304
245
437
258
390
438
475
115
142
428
117
474
382
476
311
106
267
288
266
26
127
417
445
133
397
462
475
220
411
477
215
475
390
69
263
460
311
154
289
439
121
300
290
390
486
152
441
313
197
405
317
131
198
406
229
28
211
394
475
378
483
375
314
179
458
459
472
457
438
472
425
462
145
478
271
456
398
186
419
419
186
461
478
480
476
478
189
427
38
475
268
447
306
312
398
321
484
462
443
436
321
438
477
421
478
378
433
487
321
486
463
473
157
474
462
479
460
210
422
434
446
430
474
480
347
474
459
386
311
436
85
481
228
256
403
288
326
234
448
476
256
383
188
489
479
484
398
487
315
265
306
216
475
476
189
445
445
475
369
448
455
334
477
389
206
144
312
473
247
481
444
448
477
486
477
394
226
457
474
294
486
175
274
383
182
428
162
483
263
129
296
402
448
466
481
486
448
480
485
461
441
441
479
306
400
474
468
474
481
414
171
419
427
189
274
435
215
480
427
314
403
377
428
427
295
378
410
194
389
430
48
424
422
117
475
457
476
476
366
486
427
282
485
311
422
480
384
264
471
461
383
479
98
229
180
296
485
478
460
309
477
434
144
240
442
37
302
479
298
130
474
479
487
479
37
194
481
147
464
296
443
418
475
477
334
396
278
460
437
108
487
436
400
479
378
477
399
485
350
314
490
233
83
179
327
477
463
246
107
437
120
458
262
445
410
480
314
123
482
462
210
465
282
262
398
403
416
138
390
190
23
462
475
459
139
443
373
469
236
144
276
27
432
475
215
488
477
319
382
477
388
298
406
434
347
236
477
457
198
454
312
443
444
214
476
478
29
435
473
486
137
465
479
434
230
434
437
465
40
382
197
234
454
458
377
154
414
59
468
479
224
470
13
481
457
150
463
486
478
469
267
478
228
471
334
442
317
260
445
443
113
301
237
485
246
295
448
478
196
464
190
357
144
486
69
411
457
473
435
429
485
81
234
483
462
213
425
352
474
306
170
398
334
479
395
214
464
282
479
377
182
459
427
464
228
478
413
464
312
455
475
477
301
475
475
419
360
476
373
193
484
470
477
40
408
475
475
459
425
478
400
488
315
376
167
94
242
14
485
458
191
85
121
272
296
461
448
355
412
442
473
410
421
485
188
390
303
425
394
475
481
207
226
474
460
376
460
472
454
229
335
202
274
177
478
188
478
477
454
447
461
477
459
473
61
461
121
467
378
401
387
453
489
121
370
477
384
391
134
193
380
475
337
134
347
475
458
391
461
466
392
332
222
87
246
478
273
343
459
443
477
448
375
159
69
198
276
241
479
477
447
359
468
478
312
477
223
478
386
477
433
473
424
454
224
464
465
267
188
323
457
347
457
463
448
392
437
487
479
418
326
468
465
459
476
400
344
477
458
462
446
120
369
98
487
404
391
465
438
487
188
30
475
291
398
419
274
390
370
461
36
484
456
197
296
13
244
187
198
402
83
336
474
443
471
436
478
115
448
475
487
305
461
326
375
402
376
101
187
215
396
430
191
357
310
461
301
478
477
261
282
296
488
467
474
319
462
459
476
477
478
390
432
272
470
467
437
361
122
377
488
377
447
476
274
461
476
477
223
79
433
477
183
487
477
476
411
485
386
129
386
475
399
108
458
273
315
391
465
427
371
476
489
476
448
252
457
214
71
476
399
447
133
476
336
149
398
134
485
293
382
440
459
432
459
233
234
475
315
442
485
482
155
474
476
394
315
218
398
473
202
476
389
73
301
246
477
205
190
486
91
354
148
42
347
427
477
486
390
182
85
454
392
401
30
224
222
388
485
383
195
476
460
376
176
350
262
483
210
290
327
90
184
476
147
179
464
456
474
428
459
448
46
153
127
427
398
467
389
271
375
420
229
199
437
435
157
478
307
241
197
477
217
393
411
311
42
476
473
459
306
477
387
373
485
347
430
453
183
301
23
375
486
214
61
85
461
271
13
18
274
394
428
107
474
477
485
140
487
152
371
351
189
360
391
400
463
447
429
382
228
480
429
487
290
419
274
244
312
475
476
467
474
469
312
312
469
216
467
215
92
259
267
216
477
447
149
411
311
485
476
434
437
190
472
458
41
219
370
284
485
113
477
311
249
454
311
359
478
483
215
110
350
441
481
389
197
434
455
278
431
476
424
475
110
460
213
223
444
386
312
145
227
374
476
40
169
104
386
415
13
346
345
477
460
345
227
186
189
261
477
477
350
475
464
194
462
462
485
460
459
223
262
229
476
447
93
268
461
428
476
313
204
405
205
484
369
372
128
480
64
335
481
459
463
114
444
357
375
275
426
359
475
391
445
475
423
459
389
406
159
426
309
463
418
457
308
234
363
357
435
410
268
305
459
482
474
458
462
224
387
484
297
92
486
290
287
246
427
464
390
462
62
82
193
427
437
460
293
97
458
374
490
154
441
485
57
477
474
363
274
442
467
124
445
267
476
475
358
210
445
414
390
197
479
294
274
390
76
313
161
63
476
485
105
106
376
459
377
441
434
475
284
476
480
334
442
147
461
426
444
128
438
308
461
309
261
478
463
426
474
453
91
461
478
392
411
418
476
367
236
160
434
428
261
75
486
232
370
479
472
416
485
314
442
427
474
373
312
294
462
460
386
264
296
86
155
251
229
474
462
152
378
477
239
472
470
445
460
313
149
436
487
386
488
383
144
17
445
172
475
477
417
23
148
477
460
367
162
142
355
455
288
242
383
476
442
457
471
314
473
354
349
441
463
464
360
420
417
473
485
75
311
442
469
442
390
203
278
463
265
227
432
71
459
469
443
413
311
383
232
457
398
152
430
85
228
443
155
428
216
478
458
375
473
474
466
381
382
459
447
459
216
118
57
311
391
83
464
437
185
158
440
325
256
79
377
175
150
387
442
307
465
270
430
175
262
467
383
432
311
234
478
347
199
433
466
463
80
477
44
476
300
462
380
211
430
187
480
457
301
477
306
460
459
479
445
454
477
118
278
312
460
477
310
376
489
424
289
477
477
475
300
445
463
386
461
72
299
206
144
326
474
312
260
382
476
447
312
457
213
366
159
478
197
465
213
459
413
241
267
229
460
377
382
460
485
479
358
465
433
473
465
246
476
140
379
476
430
473
429
483
486
147
483
392
364
197
476
401
478
438
471
419
391
147
98
395
463
446
458
187
480
149
360
480
467
314
481
461
314
427
101
283
483
469
484
8
8
224
15
33
454
23
5
15
458
15
468
6
4
6
471
75
58
9
435
5
101
276
4
110
5
0
332
23
111
4
84
13
140
8
86
2
429
7
11
7
25
481
456
10
84
70
22
15
15
21
11
11
171
332
12
68
380
9
85
147
13
11
19
13
143
21
12
16
150
2
162
440
344
7
31
15
67
9
14
7
15
12
15
78
22
489
25
2
8
493
489
7
14
279
28
327
68
15
15
261
147
11
11
387
491
300
33
255
2
388
86
485
15
22
10
9
63
0
23
15
340
21
0
231
15
11
13
239
14
2
159
15
496
494
132
24
175
11
12
3
7
9
296
27
183
233
45
12
9
4
195
27
63
45
15
3
33
68
4
499
229
10
18
58
495
490
28
27
9
32
2
167
0
482
8
319
1
360
22
8
5
34
502
13
4
13
340
472
22
154
6
257
5
63
47
8
14
33
5
5
11
9
224
412
343
382
4
94
6
8
252
104
433
9
34
3
9
4
471
3
17
7
429
13
16
15
365
75
16
15
25
268
462
4
4
421
5
15
1
288
3
9
7
343
16
7
15
15
1
7
13
8
8
16
483
6
9
14
6
25
8
11
5
1
92
6
12
3
65
5
10
14
7
489
6
140
9
3
8
2
7
15
22
7
466
12
4
4
227
9
16
473
481
103
4
7
4
6
5
2
4
9
11
16
16
313
83
486
10
13
9
5
463
16
12
426
4
5
78
11
7
261
17
13
13
403
6
10
13
7
12
214
47
112
9
490
477
6
6
5
6
186
2
8
11
5
12
1
40
5
111
13
10
10
12
6
18
13
6
95
99
2
7
134
306
188
1
6
12
6
3
283
75
6
0
6
27
17
12
36
120
346
309
460
175
13
485
38
6
12
12
13
12
307
13
10
6
13
18
304
8
132
11
13
313
4
7
12
5
261
480
13
397
5
188
6
6
486
10
5
14
5
6
13
5
7
5
7
12
13
16
8
22
29
10
1
424
460
12
6
6
14
40
6
37
420
12
5
23
83
3
392
11
12
7
459
10
9
13
57
5
33
6
13
12
417
7
12
9
9
36
152
18
5
13
10
11
219
11
13
15
107
267
30
6
114
7
42
11
4
13
11
9
12
301
27
6
